57
73
122
140
147
205
248
266
334
361
377
476
509
550
557
587
636
660
667
719
762
804
811
818
841
848
873
888
923
941
956
1018
1025
1053
1060
1094
1101
1108
1136
1143
1150
1157
1174
1181
1204
1237
1305
1312
1361
1399
1415
1452
1459
1484
1516
1559
1660
1715
1766
1773
1780
1804
1843
1877
1978
1985
1992
2024
2031
2038
2112
2136
2178
2185
2203
2233
2240
2271
2304
2328
2335
2347
2366
2373
2397
2414
2449
2476
2492
2508
2515
2522
2538
2554
2572
2647
2726
2733
2770
2786
2850
2896
2924
2962
2981
3000
3045
3090
3167
3190
3219
3256
3336
3414
3451
3458
3465
3472
3479
3486
3537
3544
3573
3644
3703
3718
3725
3745
3802
3843
3868
3890
3960
4008
4015
4064
4082
4148
4187
4259
4327
4334
4349
4356
4478
4494
4541
4548
4645
4697
4704
4794
4827
4834
4867
4874
4881
4897
4926
4933
4948
4972
5070
5117
5124
5140
5254
5261
5268
5288
5347
5354
5415
5425
5455
5592
5637
5769
5776
5783
5870
5886
5916
5923
5959
5976
6011
6042
6157
6177
6184
6191
6225
6234
6258
6321
6354
6429
6452
6459
6466
6480
6495
6566
6607
6676
6683
6714
6799
6806
6906
6952
6959
7049
7073
7080
7095
7102
7117
7135
7229
7238
7262
7278
7317
7423
7448
7467
7484
7491
7525
7655
7662
7714
7757
7834
7852
7915
7922
7957
8018
8043
8129
8144
8188
8310
8325
8395
8404
8426
8471
8478
8544
8593
8600
8676
8683
8690
8735
8762
8810
8829
8845
8852
8869
8876
8883
8917
8957
9026
9081
9088
